808
-146
953
300
951
-307
769
957
-582
-981
486
536
653
947
541
-128
583
-565
287
-394
709
162
-69
59
485
471
849
654
-680
-730
-285
-11
171
776
-181
-72
-853
396
-158
-940
650
52
-657
-640
-635
-699
847
724
-510
503
-400
187
794
717
405
598
-530
-20
-542
574
-730
-443
224
883
958
820
-219
740
213
235
562
-641
-64
281
-53
-534
91
-768
-327
-608
-824
-770
315
-372
938
-256
-755
788
12
-83
482
867
-400
-352
165
171
-479
-263
-29
-389
-757
-42
-776
363
-276
138
-375
293
544
-119
-226
851
-941
921
-448
674
-14
-304
-617
507
-183
-965
-46
320
-339
954
-310
444
-88
769
282
599
-747
-577
-482
-154
199
-597
685
-133
-128
-586
207
-159
323
-600
511
-866
-721
-864
-437
957
-749
-960
-126
655
594
-536
-379
991
256
972
-639
-640
-795
-91
266
419
-60
530
-486
-652
-470
392
-423
352
676
-803
367
481
914
-597
-531
-816
-71
406
472
-133
697
440
405
174
169
-226
-995
462
647
-543
-385
-230
790
-365
-313
898
264
4
-676
-396
932
161
-839
-180
500
-639
165
228
632
-155
749
330
544
344
-489
816
-681
-93
972
-235
-758
49
-160
-547
-244
-848
-455
-373
285
-686
825
995
-413
822
-234
-967
-877
-728
639
-535
-572
9
-30
-492
-888
305
833
-72
-218
-590
-68
683
541
-662
536
-849
-311
-256
-981
-194
428
235
-489
19
279
206
564
357
452
-123
-880
708
212
679
649
521
557
990
-260
112
-83
659
-852
-659
877
277
563
542
-856
236
-277
-331
363
299
620
945
-537
-221
935
2
-804
-420
-966
-14
240
-421
250
-87
-926
34
-853
505
-536
676
-413
-73
123
655
-281
-316
-921
508
339
-692
-952
262
982
-803
-858
590
-377
-292
439
-217
-526
672
498
-506
-279
418
79
-558
204
-264
362
942
138
885
-905
-332
-914
-112
-251
191
-530
747
884
-192
-502
-659
714
-715
218
-230
975
181
-489
-350
-944
914
688
129
14
-912
-392
-123
-747
-956
-806
-114
-556
-793
112
-604
804
-713
20
148
659
734
948
36
-654
-590
675
289
-941
531
647
-227
-147
-180
708
148
106
95
-370
605
209
-156
999
364
71
-890
-220
-704
257
-35
-985
325
-441
-661
-687
-184
697
473
-903
-92
-123
-48
285
590
-597
986
162
758
-69
215
-529
-370
-400
-390
-864
607
-120
643
914
808
82
78
653
671
888
-716
-5
-183
160
924
814
372
-787
205
-795
58
-342
-24
-182
234
689
12
577
-314
-388
474
-176
-757
139
294
721
572
555
557
-244
-147
-473
866
-458
860
827
-26
466
-509
228
-610
390
-1
-117
526
-447
-129
-576
109
927
472
873
-857
766
-582
377
-943
34
738
403
672
295
-903
492
-161
-506
178
608
-334
445
-103
-392
150
-465
47
668
593
-996
-53
5
417
-912
514
109
-704
-469
792
-270
830
-941
-678
-384
-561
942
-691
-524
-371
-30
212
-187
532
819
-333
-553
-872
857
-209
-801
-930
428
507
-570
552
-839
-899
-649
765
899
987
-732
-633
-563
376
443
-312
424
384
-782
-449
2
-387
197
937
231
-229
744
-902
832
883
-725
-440
164
42
44
-381
-602
-695
-924
-718
812
-488
975
-935
100
-252
-877
783
382
512
-703
-260
-24
815
-555
785
660
-447
313
243
-564
-867
952
678
631
-117
-492
963
-706
497
-697
-262
74
-397
-286
-979
162
693
-708
318
892
-426
19
-230
697
747
-874
975
181
-707
503
-243
-362
929
-59
-511
-365
204
-858
683
924
-886
406
418
600
-812
-27
-669
-879
360
-602
-873
641
601
-148
692
-419
-200
365
-455
-209
-956
43
-76
-261
-84
-459
-321
-431
748
-587
284
-835
-305
-415
225
-952
-435
-864
-678
-416
-221
470
-733
831
-361
-968
-249
-188
554
-80
773
-42
-643
-438
-353
-677
-314
-637
288
-917
964
-175
-181
-617
-136
924
-988
-876
802
166
-569
828
-88
439
563
646
-26
926
-671
-984
-711
-899
738
725
-832
478
137
84
-631
-618
-448
332
318
865
341
99
-32
263
-584
-148
711
-598
-849
898
-613
697
424
-79
755
818
237
-517
-342
-567
-511
883
121
-94
903
270
-45
-947
719
-162
-421
622
-383
-883
-785
176
-844
467
-95
-508
-792
950
798
773
-239
894
-701
-143
730
-558
711
103
488
-733
957
-892
357
223
730
-244
-365
251
679
259
105
-694
646
517
171
515
-31
131
-171
318
115
436
759
-864
183
49
71
383
615
721
874
355
927
792
-997
-338
304
963
-515
-608
641
-488
318
891
-962
349
-352
-235
-535
66
502
994
311
135
-982
606
355
917
-168
-242
-443
-378
-91
194
-832
358
-993
-691
-804
-964
491
156
442
-852
-899
-503
82
-725
786
-463
-496
-500
-634
537
-345
-399
-57
962
-848
-90
-737
-490
-357
855
114
-704
612
376
-918
488
-17
-183
-595
344
203
545
687
-137
21
-286
942
820
-629
264
-881
-713
460
351
-646
-641
648
205
114
-16
276
-969
736
-391
-225
261
648
592
270
317
-642
-407
-653
-400
810
185
-339
575
111
-464
-349
937
544
13
486
-624
40
-564
843
597
-974
265
-86
571
-69
-723
614
584
120
-149
566
923
740
680
-43
-231
-392
967
-21
-665
-711
960
454
-582
577
456
-589
